<?xml version="1.0"?>
<opencv_storage>
<calibration_Time>"Sat 15 Oct 2016 01:02:12 AM EDT"</calibration_Time>
<nrOfFrames>25</nrOfFrames>
<image_Width>640</image_Width>
<image_Height>480</image_Height>
<board_Width>8</board_Width>
<board_Height>6</board_Height>
<square_Size>1.</square_Size>
<FixAspectRatio>1.</FixAspectRatio>
<!-- flags:  +fix_aspectRatio +fix_principal_point +zero_tangent_dist -->
<flagValue>14</flagValue>
<Camera_Matrix type_id="opencv-matrix">
  <rows>3</rows>
  <cols>3</cols>
  <dt>d</dt>
  <data>
    6.3902310341486827e+02 0. 320. 0. 6.3902310341486827e+02 240. 0. 0.
    1.</data></Camera_Matrix>
<Distortion_Coefficients type_id="opencv-matrix">
  <rows>5</rows>
  <cols>1</cols>
  <dt>d</dt>
  <data>
    -7.7616946838454159e-02 5.6108303246639324e-01 0. 0.
    -1.7585725640662691e+00</data></Distortion_Coefficients>
<Avg_Reprojection_Error>3.9134172865346617e-01</Avg_Reprojection_Error>
<Per_View_Reprojection_Errors type_id="opencv-matrix">
  <rows>25</rows>
  <cols>1</cols>
  <dt>f</dt>
  <data>
    6.64713323e-01 3.65629733e-01 2.42010131e-01 2.24790767e-01
    2.72365034e-01 2.85038829e-01 4.00897920e-01 1.99483827e-01
    2.50211090e-01 1.94886819e-01 7.59600699e-01 2.12734923e-01
    2.18101516e-01 2.02577457e-01 1.92937717e-01 4.04696971e-01
    3.72537255e-01 3.47688168e-01 3.85179311e-01 3.77859026e-01
    6.59324884e-01 2.49720693e-01 3.84237677e-01 2.79015183e-01
    7.08746433e-01</data></Per_View_Reprojection_Errors>
<!-- a set of 6-tuples (rotation vector + translation vector) for each view -->
<Extrinsic_Parameters type_id="opencv-matrix">
  <rows>25</rows>
  <cols>6</cols>
  <dt>d</dt>
  <data>
    -3.7917349326788141e-01 -2.3165216795363863e-01
    -1.5617418800313063e-01 -4.6995746226016788e+00
    -1.9658460803916362e+00 1.4737088237296971e+01
    -3.1202256306768295e-01 -1.2209198452171313e-01
    -1.1541250101359470e-01 -5.6333031107736220e+00
    -2.2634191920999167e+00 1.5666579994047700e+01
    -2.0504678891230760e-01 1.0541501799042882e-01
    3.2909938865295120e-02 -6.2648365693953272e+00
    -2.8078530691073991e+00 1.9497032936538925e+01
    -2.3293389968668737e-01 1.1778111201109512e-01
    3.4572777054394530e-02 -5.8623610983660415e+00
    -2.5739415683353748e+00 2.0503087723838263e+01
    -1.0046294926859305e-01 2.3913135849746756e-01
    -4.4014777041194698e-02 -6.3799144915863479e+00
    -2.3918755313950499e+00 1.6149041448563906e+01
    -5.6146533315238729e-02 4.6052852924109700e-01
    3.0183101117096905e-01 -3.7591279641979667e+00
    -4.1684362084237323e+00 1.6858677996869837e+01
    -1.1200932211516053e-01 3.1330640920353059e-01
    -4.9091853139065333e-02 -5.6885791947356896e+00
    -2.9146611980353572e+00 1.6558527643868651e+01
    -1.9478361167261204e-01 3.3092031046375026e-01
    -3.3814097977578927e-01 -7.9307374369024677e+00
    -1.5078790190602365e+00 1.7676685891379847e+01
    -1.8694692945146837e-01 4.3437463014374406e-01
    -3.3659241056102307e-01 -7.2990850378742023e+00
    -1.4390451686067711e+00 2.0146695705461951e+01
    -1.9354177552560775e-01 4.5247739944209520e-01
    -4.9329195214578603e-01 -7.0280878766700781e+00
    -3.0611132142865172e-01 2.1188653315889557e+01
    -1.6148984077230219e-01 4.4549811525246635e-01
    -1.1230407279476604e-01 -6.8224827695715495e+00
    -9.8178329180772173e-01 1.9859764253871941e+01
    -2.7652224132520586e-01 2.5695808997699993e-01
    2.1309580972748021e-01 -5.2556564400228840e+00
    -8.1562221717126515e-01 2.3581303749433999e+01
    -5.6432596477460895e-01 2.4001776951520759e-01
    2.5490959516501888e-01 -4.5437065889563435e+00
    -4.2231529468176476e-01 2.5071070059075812e+01
    -1.9517764646091787e-01 3.1081231910454404e-01
    -2.5860072178757498e-01 -6.9108108960521344e+00
    -2.8343051659078746e+00 2.0805824786061645e+01
    -6.9918494675143300e-02 3.4702345431986342e-01
    -2.4979259184092376e-01 -7.1591360714877776e+00
    -2.7054609158009231e+00 2.0267462955898029e+01
    -8.2724458498581205e-02 1.8388740879119328e-01
    -5.3587869894597094e-02 -2.5922664294041753e+00
    -9.1266875644062018e-01 2.0939920646403007e+01
    -1.0819965062941560e-01 1.8721869231502769e-01
    -5.4971258754619633e-02 -2.6710932976981083e+00
    -8.8092951798308528e-01 2.0988126256207448e+01
    -2.5148356461296334e-01 -2.0252586088567756e-01
    -1.0304551769542412e-01 -2.4493880138407502e+00
    -7.8116358196871172e-01 1.9692705755451183e+01
    -5.7967265834291870e-01 1.4465315743278669e-02
    -7.4716737331921218e-02 -1.5938753030389439e+00
    -1.5978287139763181e-01 2.1739831041006507e+01
    -5.6190892289290673e-01 1.0240008806674049e-02
    -7.5061181999921470e-02 -1.9607737555099436e+00
    -3.1948254897660783e-01 2.1271674045128698e+01
    -5.9660007636074985e-01 6.3647863841962679e-02
    -4.7678617353962241e-02 -4.5069411266740138e+00
    3.5208086765020505e-02 2.2855679834954376e+01
    -7.6455605778082314e-01 5.4228695463947811e-02
    -6.7404343514200174e-02 -5.8550675790210036e+00
    8.5405183847108901e-01 2.3638136182941949e+01
    -2.6961731953108570e-01 8.7278223445470163e-02
    -2.3047404432496282e-01 -5.1809426647583088e+00
    -3.1921179210823443e+00 1.9668236582811254e+01
    -3.7633089955558301e-02 9.1217838310156646e-02
    -2.9794476065988085e-01 -5.2209701795985186e+00
    -4.0800557954338190e+00 1.7314089183423899e+01
    -1.5312093753403516e-01 1.2066235619958383e-01
    -1.3676010415029933e+00 -5.8336124445848059e+00
    1.7267846766516335e+00 1.5542495059532337e+01</data></Extrinsic_Parameters>
